Line	OP	R	L	M
0	inc	0	0	4
1	inc	0	0	1
2	lit	0	0	0
3	sto	0	0	4
4	inc	0	0	1
5	lit	0	0	0
6	sto	0	0	5
7	inc	0	0	1
8	lit	0	0	0
9	sto	0	0	6
10	inc	0	0	1
11	lit	0	0	0
12	sto	0	0	7
13	inc	0	0	1
14	lit	0	0	0
15	sto	0	0	8
16	inc	0	0	1
17	lit	0	0	0
18	sto	0	0	9
19	inc	0	0	1
20	lit	0	0	0
21	sto	0	0	10
22	inc	0	0	1
23	lit	0	0	0
24	sto	0	0	11
25	inc	0	0	1
26	lit	0	0	0
27	sto	0	0	12
28	inc	0	0	1
29	lit	0	0	0
30	sto	0	0	13
31	inc	0	0	1
32	lit	0	0	0
33	sto	0	0	14
34	inc	0	0	1
35	lit	0	0	0
36	sto	0	0	15
37	inc	0	0	1
38	lit	0	0	0
39	sto	0	0	16
40	inc	0	0	1
41	lit	0	0	0
42	sto	0	0	17
43	inc	0	0	1
44	lit	0	0	0
45	sto	0	0	18
46	inc	0	0	1
47	lit	0	0	0
48	sto	0	0	19
49	lit	0	0	1
50	sto	0	0	4
51	lit	0	0	2
52	sto	0	0	5
53	lit	0	0	3
54	sto	0	0	6
55	lit	0	0	4
56	sto	0	0	7
57	lit	0	0	5
58	sto	0	0	8
59	lit	0	0	6
60	sto	0	0	9
61	lit	0	0	7
62	sto	0	0	10
63	lit	0	0	8
64	sto	0	0	11
65	lit	0	0	9
66	sto	0	0	12
67	lit	0	0	10
68	sto	0	0	13
69	lit	0	0	11
70	sto	0	0	14
71	lit	0	0	12
72	sto	0	0	15
73	lit	0	0	13
74	sto	0	0	16
75	lit	0	0	14
76	sto	0	0	17
77	lit	0	0	15
78	sto	0	0	18
79	lod	0	0	4
80	lod	1	0	5
81	add	0	0	1
82	lod	1	0	6
83	add	0	0	1
84	lod	1	0	7
85	add	0	0	1
86	lod	1	0	8
87	add	0	0	1
88	lod	1	0	9
89	add	0	0	1
90	lod	1	0	10
91	add	0	0	1
92	lod	1	0	11
93	add	0	0	1
94	lod	1	0	12
95	add	0	0	1
96	lod	1	0	13
97	add	0	0	1
98	lod	1	0	14
99	add	0	0	1
100	lod	1	0	15
101	add	0	0	1
102	lod	1	0	16
103	add	0	0	1
104	lod	1	0	17
105	add	0	0	1
106	lod	1	0	18
107	add	0	0	1
108	sto	0	0	19
109	lod	0	0	19
110	sio	0	0	1
111	sio	0	0	3
Initial Values				pc	bp	sp
0	inc	0	0	4	1	1	4	0	0	0	0
1	inc	0	0	1	2	1	5	0	0	0	0	0
2	lit	0	0	0	3	1	5	0	0	0	0	0
3	sto	0	0	4	4	1	5	0	0	0	0	0
4	inc	0	0	1	5	1	6	0	0	0	0	0	0
5	lit	0	0	0	6	1	6	0	0	0	0	0	0
6	sto	0	0	5	7	1	6	0	0	0	0	0	0
7	inc	0	0	1	8	1	7	0	0	0	0	0	0	0
8	lit	0	0	0	9	1	7	0	0	0	0	0	0	0
9	sto	0	0	6	10	1	7	0	0	0	0	0	0	0
10	inc	0	0	1	11	1	8	0	0	0	0	0	0	0	0
11	lit	0	0	0	12	1	8	0	0	0	0	0	0	0	0
12	sto	0	0	7	13	1	8	0	0	0	0	0	0	0	0
13	inc	0	0	1	14	1	9	0	0	0	0	0	0	0	0	0
14	lit	0	0	0	15	1	9	0	0	0	0	0	0	0	0	0
15	sto	0	0	8	16	1	9	0	0	0	0	0	0	0	0	0
16	inc	0	0	1	17	1	10	0	0	0	0	0	0	0	0	0	0
17	lit	0	0	0	18	1	10	0	0	0	0	0	0	0	0	0	0
18	sto	0	0	9	19	1	10	0	0	0	0	0	0	0	0	0	0
19	inc	0	0	1	20	1	11	0	0	0	0	0	0	0	0	0	0	0
20	lit	0	0	0	21	1	11	0	0	0	0	0	0	0	0	0	0	0
21	sto	0	0	10	22	1	11	0	0	0	0	0	0	0	0	0	0	0
22	inc	0	0	1	23	1	12	0	0	0	0	0	0	0	0	0	0	0	0
23	lit	0	0	0	24	1	12	0	0	0	0	0	0	0	0	0	0	0	0
24	sto	0	0	11	25	1	12	0	0	0	0	0	0	0	0	0	0	0	0
25	inc	0	0	1	26	1	13	0	0	0	0	0	0	0	0	0	0	0	0	0
26	lit	0	0	0	27	1	13	0	0	0	0	0	0	0	0	0	0	0	0	0
27	sto	0	0	12	28	1	13	0	0	0	0	0	0	0	0	0	0	0	0	0
28	inc	0	0	1	29	1	14	0	0	0	0	0	0	0	0	0	0	0	0	0	0
29	lit	0	0	0	30	1	14	0	0	0	0	0	0	0	0	0	0	0	0	0	0
30	sto	0	0	13	31	1	14	0	0	0	0	0	0	0	0	0	0	0	0	0	0
31	inc	0	0	1	32	1	15	0	0	0	0	0	0	0	0	0	0	0	0	0	0	0
32	lit	0	0	0	33	1	15	0	0	0	0	0	0	0	0	0	0	0	0	0	0	0
33	sto	0	0	14	34	1	15	0	0	0	0	0	0	0	0	0	0	0	0	0	0	0
34	inc	0	0	1	35	1	16	0	0	0	0	0	0	0	0	0	0	0	0	0	0	0	0
35	lit	0	0	0	36	1	16	0	0	0	0	0	0	0	0	0	0	0	0	0	0	0	0
36	sto	0	0	15	37	1	16	0	0	0	0	0	0	0	0	0	0	0	0	0	0	0	0
37	inc	0	0	1	38	1	17	0	0	0	0	0	0	0	0	0	0	0	0	0	0	0	0	0
38	lit	0	0	0	39	1	17	0	0	0	0	0	0	0	0	0	0	0	0	0	0	0	0	0
39	sto	0	0	16	40	1	17	0	0	0	0	0	0	0	0	0	0	0	0	0	0	0	0	0
40	inc	0	0	1	41	1	18	0	0	0	0	0	0	0	0	0	0	0	0	0	0	0	0	0	0
41	lit	0	0	0	42	1	18	0	0	0	0	0	0	0	0	0	0	0	0	0	0	0	0	0	0
42	sto	0	0	17	43	1	18	0	0	0	0	0	0	0	0	0	0	0	0	0	0	0	0	0	0
43	inc	0	0	1	44	1	19	0	0	0	0	0	0	0	0	0	0	0	0	0	0	0	0	0	0	0
44	lit	0	0	0	45	1	19	0	0	0	0	0	0	0	0	0	0	0	0	0	0	0	0	0	0	0
45	sto	0	0	18	46	1	19	0	0	0	0	0	0	0	0	0	0	0	0	0	0	0	0	0	0	0
46	inc	0	0	1	47	1	20	0	0	0	0	0	0	0	0	0	0	0	0	0	0	0	0	0	0	0	0
47	lit	0	0	0	48	1	20	0	0	0	0	0	0	0	0	0	0	0	0	0	0	0	0	0	0	0	0
48	sto	0	0	19	49	1	20	0	0	0	0	0	0	0	0	0	0	0	0	0	0	0	0	0	0	0	0
49	lit	0	0	1	50	1	20	0	0	0	0	0	0	0	0	0	0	0	0	0	0	0	0	0	0	0	0
50	sto	0	0	4	51	1	20	0	0	0	0	1	0	0	0	0	0	0	0	0	0	0	0	0	0	0	0
51	lit	0	0	2	52	1	20	0	0	0	0	1	0	0	0	0	0	0	0	0	0	0	0	0	0	0	0
52	sto	0	0	5	53	1	20	0	0	0	0	1	2	0	0	0	0	0	0	0	0	0	0	0	0	0	0
53	lit	0	0	3	54	1	20	0	0	0	0	1	2	0	0	0	0	0	0	0	0	0	0	0	0	0	0
54	sto	0	0	6	55	1	20	0	0	0	0	1	2	3	0	0	0	0	0	0	0	0	0	0	0	0	0
55	lit	0	0	4	56	1	20	0	0	0	0	1	2	3	0	0	0	0	0	0	0	0	0	0	0	0	0
56	sto	0	0	7	57	1	20	0	0	0	0	1	2	3	4	0	0	0	0	0	0	0	0	0	0	0	0
57	lit	0	0	5	58	1	20	0	0	0	0	1	2	3	4	0	0	0	0	0	0	0	0	0	0	0	0
58	sto	0	0	8	59	1	20	0	0	0	0	1	2	3	4	5	0	0	0	0	0	0	0	0	0	0	0
59	lit	0	0	6	60	1	20	0	0	0	0	1	2	3	4	5	0	0	0	0	0	0	0	0	0	0	0
60	sto	0	0	9	61	1	20	0	0	0	0	1	2	3	4	5	6	0	0	0	0	0	0	0	0	0	0
61	lit	0	0	7	62	1	20	0	0	0	0	1	2	3	4	5	6	0	0	0	0	0	0	0	0	0	0
62	sto	0	0	10	63	1	20	0	0	0	0	1	2	3	4	5	6	7	0	0	0	0	0	0	0	0	0
63	lit	0	0	8	64	1	20	0	0	0	0	1	2	3	4	5	6	7	0	0	0	0	0	0	0	0	0
64	sto	0	0	11	65	1	20	0	0	0	0	1	2	3	4	5	6	7	8	0	0	0	0	0	0	0	0
65	lit	0	0	9	66	1	20	0	0	0	0	1	2	3	4	5	6	7	8	0	0	0	0	0	0	0	0
66	sto	0	0	12	67	1	20	0	0	0	0	1	2	3	4	5	6	7	8	9	0	0	0	0	0	0	0
67	lit	0	0	10	68	1	20	0	0	0	0	1	2	3	4	5	6	7	8	9	0	0	0	0	0	0	0
68	sto	0	0	13	69	1	20	0	0	0	0	1	2	3	4	5	6	7	8	9	10	0	0	0	0	0	0
69	lit	0	0	11	70	1	20	0	0	0	0	1	2	3	4	5	6	7	8	9	10	0	0	0	0	0	0
70	sto	0	0	14	71	1	20	0	0	0	0	1	2	3	4	5	6	7	8	9	10	11	0	0	0	0	0
71	lit	0	0	12	72	1	20	0	0	0	0	1	2	3	4	5	6	7	8	9	10	11	0	0	0	0	0
72	sto	0	0	15	73	1	20	0	0	0	0	1	2	3	4	5	6	7	8	9	10	11	12	0	0	0	0
73	lit	0	0	13	74	1	20	0	0	0	0	1	2	3	4	5	6	7	8	9	10	11	12	0	0	0	0
74	sto	0	0	16	75	1	20	0	0	0	0	1	2	3	4	5	6	7	8	9	10	11	12	13	0	0	0
75	lit	0	0	14	76	1	20	0	0	0	0	1	2	3	4	5	6	7	8	9	10	11	12	13	0	0	0
76	sto	0	0	17	77	1	20	0	0	0	0	1	2	3	4	5	6	7	8	9	10	11	12	13	14	0	0
77	lit	0	0	15	78	1	20	0	0	0	0	1	2	3	4	5	6	7	8	9	10	11	12	13	14	0	0
78	sto	0	0	18	79	1	20	0	0	0	0	1	2	3	4	5	6	7	8	9	10	11	12	13	14	15	0
79	lod	0	0	4	80	1	20	0	0	0	0	1	2	3	4	5	6	7	8	9	10	11	12	13	14	15	0
80	lod	1	0	5	81	1	20	0	0	0	0	1	2	3	4	5	6	7	8	9	10	11	12	13	14	15	0
81	add	0	0	1	82	1	20	0	0	0	0	1	2	3	4	5	6	7	8	9	10	11	12	13	14	15	0
82	lod	1	0	6	83	1	20	0	0	0	0	1	2	3	4	5	6	7	8	9	10	11	12	13	14	15	0
83	add	0	0	1	84	1	20	0	0	0	0	1	2	3	4	5	6	7	8	9	10	11	12	13	14	15	0
84	lod	1	0	7	85	1	20	0	0	0	0	1	2	3	4	5	6	7	8	9	10	11	12	13	14	15	0
85	add	0	0	1	86	1	20	0	0	0	0	1	2	3	4	5	6	7	8	9	10	11	12	13	14	15	0
86	lod	1	0	8	87	1	20	0	0	0	0	1	2	3	4	5	6	7	8	9	10	11	12	13	14	15	0
87	add	0	0	1	88	1	20	0	0	0	0	1	2	3	4	5	6	7	8	9	10	11	12	13	14	15	0
88	lod	1	0	9	89	1	20	0	0	0	0	1	2	3	4	5	6	7	8	9	10	11	12	13	14	15	0
89	add	0	0	1	90	1	20	0	0	0	0	1	2	3	4	5	6	7	8	9	10	11	12	13	14	15	0
90	lod	1	0	10	91	1	20	0	0	0	0	1	2	3	4	5	6	7	8	9	10	11	12	13	14	15	0
91	add	0	0	1	92	1	20	0	0	0	0	1	2	3	4	5	6	7	8	9	10	11	12	13	14	15	0
92	lod	1	0	11	93	1	20	0	0	0	0	1	2	3	4	5	6	7	8	9	10	11	12	13	14	15	0
93	add	0	0	1	94	1	20	0	0	0	0	1	2	3	4	5	6	7	8	9	10	11	12	13	14	15	0
94	lod	1	0	12	95	1	20	0	0	0	0	1	2	3	4	5	6	7	8	9	10	11	12	13	14	15	0
95	add	0	0	1	96	1	20	0	0	0	0	1	2	3	4	5	6	7	8	9	10	11	12	13	14	15	0
96	lod	1	0	13	97	1	20	0	0	0	0	1	2	3	4	5	6	7	8	9	10	11	12	13	14	15	0
97	add	0	0	1	98	1	20	0	0	0	0	1	2	3	4	5	6	7	8	9	10	11	12	13	14	15	0
98	lod	1	0	14	99	1	20	0	0	0	0	1	2	3	4	5	6	7	8	9	10	11	12	13	14	15	0
99	add	0	0	1	100	1	20	0	0	0	0	1	2	3	4	5	6	7	8	9	10	11	12	13	14	15	0
100	lod	1	0	15	101	1	20	0	0	0	0	1	2	3	4	5	6	7	8	9	10	11	12	13	14	15	0
101	add	0	0	1	102	1	20	0	0	0	0	1	2	3	4	5	6	7	8	9	10	11	12	13	14	15	0
102	lod	1	0	16	103	1	20	0	0	0	0	1	2	3	4	5	6	7	8	9	10	11	12	13	14	15	0
103	add	0	0	1	104	1	20	0	0	0	0	1	2	3	4	5	6	7	8	9	10	11	12	13	14	15	0
104	lod	1	0	17	105	1	20	0	0	0	0	1	2	3	4	5	6	7	8	9	10	11	12	13	14	15	0
105	add	0	0	1	106	1	20	0	0	0	0	1	2	3	4	5	6	7	8	9	10	11	12	13	14	15	0
106	lod	1	0	18	107	1	20	0	0	0	0	1	2	3	4	5	6	7	8	9	10	11	12	13	14	15	0
107	add	0	0	1	108	1	20	0	0	0	0	1	2	3	4	5	6	7	8	9	10	11	12	13	14	15	0
108	sto	0	0	19	109	1	20	0	0	0	0	1	2	3	4	5	6	7	8	9	10	11	12	13	14	15	120
109	lod	0	0	19	110	1	20	0	0	0	0	1	2	3	4	5	6	7	8	9	10	11	12	13	14	15	120
110	sio	0	0	1	111	1	20	0	0	0	0	1	2	3	4	5	6	7	8	9	10	11	12	13	14	15	120
111	sio	0	0	3	112	1	20	0	0	0	0	1	2	3	4	5	6	7	8	9	10	11	12	13	14	15	120
